CGATS.17
ORIGINATOR	"BabelColor PatchTool, version 5.0.1 b398"
LGOROWLENGTH	14
CREATED	"2019-05-31"  # Time: 0:03:14
INSTRUMENTATION	"i1Pro 2"
INSTRUMENT_SN	"1026221"
MEASUREMENT_SOURCE	"Illumination=D50 ObserverAngle=2 WhiteBase=Abs Filter=no"
ILLUMINATION_NAME	"D50"
OBSERVER_ANGLE	"2"
FILTER	"no"
MEASUREMENT_CONDITION	"M0"
WEIGHTING_FUNCTION	"ILLUMINANT, D50"
WEIGHTING_FUNCTION	"OBSERVER, 2 degree"
KEYWORD	"DEVCALSTD"
DEVCALSTD	"XRGA"
# 
# RGB space for the RGB data in this file: 
# Profile name: 
RGB_PROFILE_NAME	"ProPhoto RGB"
# Profile path: 
RGB_PROFILE_PATH	"/Users/jpereira/Documents/BabelColor/Image profiles/ProPhoto RGB.icc"
# Rendering intent: 
RGB_PROFILE_INTENT	"Relative Colorimetric"
# Black Point Compensation (BPC) setting: 
RGB_PROFILE_BPC	"NO"
# Encoding format: 
RGB_ENCODING	"8 bit"
# 
KEYWORD	"SAMPLE_ID"
NUMBER_OF_FIELDS	10
BEGIN_DATA_FORMAT
SAMPLE_ID SAMPLE_NAME	RGB_R	RGB_G	RGB_B	XYZ_X	XYZ_Y	XYZ_Z	LAB_L	LAB_A	LAB_B
END_DATA_FORMAT
NUMBER_OF_SETS	140
BEGIN_DATA
1	A1	239.719	240.704	236.923	86.300551	89.941931	72.292519	95.973	-0.79	1.691
2	A2	99.728	100.098	100.299	17.80416	18.528906	15.376038	50.131	-0.331	-0.21
3	A3	20.601	20.637	21.498	1.042002	1.079839	0.960035	9.64	0.028	-1.111
4	A4	240.784	241.758	237.852	86.987973	90.655189	72.80378	96.268	-0.786	1.75
5	A5	100.066	100.371	100.478	17.908202	18.626442	15.425438	50.247	-0.277	-0.133
6	A6	20.591	20.603	21.53	1.040955	1.077289	0.962611	9.619	0.078	-1.186
7	A7	240.643	241.623	237.888	86.900503	90.562841	72.823164	96.23	-0.784	1.667
8	A8	100.385	100.662	100.73	18.009099	18.726503	15.495171	50.366	-0.252	-0.101
9	A9	20.893	20.955	21.788	1.069018	1.10924	0.983489	9.87	-0.019	-1.079
10	A10	241.082	242.096	237.978	87.182265	90.876281	72.873179	96.359	-0.82	1.846
11	B1	100.028	100.365	100.515	17.898144	18.62132	15.435624	50.241	-0.304	-0.168
12	B2	20.748	20.806	21.614	1.055576	1.095197	0.969407	9.761	-0.016	-1.049
13	B3	99.865	100.207	100.378	17.846156	18.568081	15.397872	50.178	-0.308	-0.184
14	B4	240.507	241.482	237.605	86.808858	90.46892	72.667711	96.191	-0.786	1.737
15	B5	21.423	21.511	22.488	1.119184	1.162199	1.041157	10.276	-0.049	-1.256
16	B6	92.159	41.23	71.67	13.587984	7.284288	8.394524	32.446	51.375	-9.834
17	B7	47.875	34.263	58.11	4.506257	3.334489	5.754002	21.337	19.167	-17.943
18	B8	196.668	200.146	215.96	61.033168	64.07333	61.18419	84.004	-1.749	-8.593
19	B9	73.023	53.715	35.415	9.299868	7.338552	2.358829	32.566	19.964	22.583
20	B10	156.047	128.85	105.618	37.53854	32.720851	16.875483	63.934	20.547	19.989
21	C1	85.043	91.698	127.793	14.088715	15.275634	23.785079	46.009	-3.933	-25.197
22	C2	61.431	75.155	36.497	7.739868	10.107705	2.490201	38.035	-17.225	30.899
23	C3	109.864	102.352	147.071	21.287239	20.082692	30.63258	51.931	9.387	-26.613
24	C4	120.543	161.649	152.377	27.884761	38.802921	32.651651	68.608	-34.044	-0.949
25	C5	214.786	197.994	168.946	68.62789	66.286693	39.321571	85.142	10.46	18.173
26	C6	58.036	28.098	27.791	5.861628	3.345055	1.524365	21.376	35.496	11.573
27	C7	129.006	54.9	67.026	24.518451	12.925571	7.440573	42.651	63.961	11.441
28	C8	100.152	100.457	100.546	17.935695	18.655102	15.444046	50.281	-0.277	-0.12
29	C9	99.672	100.039	100.132	17.784677	18.509539	15.329729	50.108	-0.335	-0.135
30	C10	150.159	118.925	158.787	35.497109	29.128027	35.166443	60.894	26.907	-17.925
31	D1	90.077	75.099	135.343	14.744469	12.302077	26.375203	41.692	18.7	-37.271
32	D2	218.036	197.154	201.358	70.723004	66.523727	53.937077	85.263	14.438	1.026
33	D3	165.089	114.326	37.35	39.746714	29.954541	2.595924	61.615	37.566	70.685
34	D4	69.927	63.485	139.646	9.92741	8.626661	27.90423	35.255	13.416	-50.962
35	D5	136.263	72.651	64.787	27.482121	16.740119	6.998952	47.931	53.483	22.355
36	D6	54.257	29.843	71.017	5.512901	3.270788	8.257351	21.097	32.718	-28.889
37	D7	137.902	164.046	62.755	32.728706	41.690228	6.608603	70.657	-24.741	63.203
38	D8	176.465	147.512	45.709	46.295301	41.410884	3.734527	70.463	18.835	77.803
39	D9	200.991	223.748	204.885	64.761493	75.024582	55.650481	89.405	-16.458	6.348
40	D10	136.646	55.751	27.801	26.870487	13.972445	1.525379	44.193	67.134	50.902
41	E1	51.003	27.442	42.47	4.765762	2.873572	3.27158	19.53	30.345	-6.936
42	E2	20.701	20.738	21.491	1.050801	1.089332	0.959494	9.714	0.015	-0.973
43	E3	240.595	241.513	237.626	86.859454	90.50069	72.678958	96.204	-0.749	1.75
44	E4	83.22	39.685	98.556	11.659593	6.333887	14.898209	30.24	47.941	-33.311
45	E5	34.124	37.713	79.101	2.946081	3.049725	10.026609	20.242	0.096	-36.571
46	E6	182.237	208.675	202.53	55.053983	65.350916	54.503631	84.664	-19.098	-0.611
47	E7	42.068	31.08	106.166	4.060946	2.732745	17.033489	18.94	23.357	-57.954
48	E8	74.825	117.257	54.509	12.30081	20.739063	5.127926	52.663	-44.258	39.168
49	E9	116.486	41.561	26.497	20.026358	9.740348	1.399004	37.372	66.05	40.644
50	E10	196.138	186.304	53.157	57.595028	58.407181	4.901135	80.965	3.134	89.15
51	F1	138.414	74.036	117.723	28.782515	17.264817	20.516845	48.592	55.744	-14.393
52	F2	67.458	101.93	142.86	10.973006	16.284725	29.071595	47.346	-30.744	-32.033
53	F3	205.767	199.774	212.863	65.184226	65.450156	59.613418	84.715	4.706	-5.805
54	F4	159.877	113.942	121.905	38.412131	29.116078	21.848073	60.884	36.505	4.137
55	F5	125.188	49.083	39.618	22.958622	11.661991	2.886678	40.674	65.618	32.305
56	F6	240.748	241.68	237.752	86.959608	90.610683	72.748684	96.25	-0.759	1.767
57	F7	21.098	21.113	21.949	1.087187	1.125651	0.996634	9.997	0.062	-1.063
58	F8	84.492	106.242	180.2	15.384701	18.657612	44.163462	50.284	-14.519	-48.092
59	F9	108.773	132.232	180.871	23.031596	28.03367	44.460039	59.919	-17.008	-31.843
60	F10	217.684	196.815	187.362	70.272548	66.321361	47.374428	85.16	13.922	8.195
61	G1	240.56	241.47	237.574	86.835519	90.473019	72.650495	96.193	-0.744	1.755
62	G2	184.652	184.719	183.499	53.904309	55.945284	45.630228	79.583	-0.103	0.644
63	G3	140.64	140.931	140.605	33.039196	34.338482	28.250335	65.23	-0.252	0.145
64	G4	100.35	100.661	100.655	17.998993	18.722927	15.474311	50.361	-0.288	-0.057
65	G5	65.633	65.391	64.894	8.35767	8.640557	7.01981	35.283	0.231	0.461
66	G6	30.992	31.127	31.446	2.171705	2.260441	1.904264	16.799	-0.171	-0.389
67	G7	185.452	204.214	215.425	56.331372	63.960879	60.9115	83.945	-12.816	-8.425
68	G8	166.156	117.384	104.901	40.862123	30.926996	16.669758	62.446	37.433	17.904
69	G9	168.48	81.716	46.428	39.70699	22.827325	3.841102	54.894	66.412	50.289
70	G10	99.965	100.272	100.426	17.87613	18.593064	15.410962	50.208	-0.276	-0.165
71	H1	99.366	99.741	99.856	17.687266	18.409497	15.253925	49.989	-0.342	-0.153
72	H2	101.484	137.357	173.753	21.188041	28.850375	41.358991	60.649	-28.664	-26.709
73	H3	28.333	42.826	63.441	2.325671	3.416481	6.739296	21.64	-17.778	-21.873
74	H4	189.452	204.02	150.947	56.982684	64.512273	32.10183	84.232	-12.446	26.817
75	H5	20.888	20.926	21.667	1.067945	1.107177	0.973674	9.854	0.013	-0.954
76	H6	54.733	54.961	55.081	6.044561	6.29332	5.225254	30.141	-0.259	-0.161
77	H7	74.659	74.992	74.996	10.571799	11.011573	9.109083	39.6	-0.347	-0.076
78	H8	125.047	125.447	125.125	26.746628	27.829296	22.898305	59.734	-0.355	0.129
79	H9	171.766	171.266	170.936	47.285031	48.906175	40.159376	75.393	0.356	0.262
80	H10	215.419	215.963	214.047	71.18424	74.044732	60.211912	88.944	-0.449	0.887
81	I1	156.408	156.69	156.35	40.003806	41.565776	34.200785	70.571	-0.235	0.148
82	I2	184.751	112.945	33.59	47.850201	32.54818	2.144435	63.793	51.918	78.336
83	I3	218.545	181.355	58.448	67.960979	60.354891	5.814526	82.031	22.421	86.414
84	I4	21.061	21.129	22.013	1.084812	1.125759	1.001917	9.998	-0.024	-1.143
85	I5	240.52	241.396	237.261	86.800969	90.430072	72.478248	96.175	-0.732	1.876
86	I6	24.082	41.657	44.098	1.789037	3.137096	3.500974	20.585	-25.326	-6.676
87	I7	119.919	129.786	184.046	26.251568	28.505095	45.875376	60.342	-5.001	-32.822
88	I8	160.456	120.26	77.956	38.501581	30.899315	9.766798	62.423	30.158	37.018
89	I9	197.68	167.482	135.298	57.775819	51.605295	26.359436	77.044	20.473	23.708
90	I10	149.576	130.601	95.003	35.105454	32.359472	13.944855	63.639	13.755	26.739
91	J1	100.555	81.322	52.517	16.839234	14.482972	4.795449	44.918	16.903	27.565
92	J2	161.774	141.802	119.666	40.653841	37.439123	21.130741	67.605	14.556	17.147
93	J3	109.066	78.382	38.422	19.00263	14.749008	2.73163	45.288	26.794	41.454
94	J4	160.691	127.009	95.559	39.11794	32.832874	14.092201	64.025	25.204	27.017
95	J5	89.63	89.593	88.382	14.658037	15.207812	12.243927	45.918	-0.036	0.876
96	J6	162.066	170.747	39.628	41.942049	47.307459	2.887958	74.386	-10.753	90.42
97	J7	204.606	191.708	49.236	61.909713	61.964602	4.269545	82.895	5.078	95.985
98	J8	240.685	241.597	237.549	86.913971	90.558425	72.636867	96.228	-0.751	1.828
99	J9	21.09	21.105	21.908	1.086359	1.124944	0.993279	9.992	0.057	-1.021
100	J10	92.256	138.916	148.876	18.503032	28.464534	31.313051	60.306	-40.51	-13.228
101	K1	63.957	113.376	117.203	10.523807	18.927501	20.354135	50.602	-48.133	-10.593
102	K2	158.103	130.064	108.561	38.424097	33.359177	17.731649	64.451	21.169	18.92
103	K3	195.038	153.609	123.731	55.50511	46.354264	22.440922	73.775	28.969	25.212
104	K4	153.179	133.685	111.666	36.794883	33.758195	18.655217	64.77	14.517	17.426
105	K5	153.106	134.16	111.247	36.790101	33.891217	18.529481	64.876	14.044	17.883
106	K6	156.237	133.107	110.411	37.902466	34.002261	18.279358	64.964	17.283	18.584
107	K7	79.06	62.058	36.925	10.840288	9.083782	2.543011	36.145	16.554	27.203
108	K8	166.072	135.498	99.643	41.75824	36.106549	15.195163	66.601	22.248	28.636
109	K9	37.006	36.787	37.044	2.978664	3.070227	2.557709	20.323	0.321	-0.197
110	K10	136.506	130.571	52.123	30.119831	30.676283	4.730823	62.233	2.042	57.769
111	L1	150.292	166.727	48.529	37.235739	44.238337	4.159702	72.388	-16.874	78.513
112	L2	99.809	100.108	100.106	17.823924	18.53907	15.322746	50.144	-0.278	-0.057
113	L3	99.705	100.034	100.051	17.792458	18.511423	15.307496	50.111	-0.304	-0.076
114	L4	37.55	35.653	25.621	2.974565	2.974314	1.316835	19.941	1.896	11.616
115	L5	96.397	138.368	97.285	18.886294	28.673139	14.553877	60.492	-39.333	19.726
116	L6	62.52	114.312	82.403	9.942582	19.077568	10.792947	50.778	-53.372	13.616
117	L7	27.138	42.447	32.302	2.023095	3.329361	1.998679	21.317	-22.946	6.476
118	L8	89.159	137.448	113.034	17.18968	27.735963	19.068866	59.649	-44.671	7.703
119	L9	105.48	136.228	69.422	20.946072	28.896853	7.926389	60.69	-29.995	40.633
120	L10	68.249	116.812	46.062	10.888342	20.135491	3.786665	51.99	-51.387	45.623
121	M1	89.979	144.437	65.48	17.351472	29.992224	7.134448	61.648	-52.403	45.441
122	M2	145.724	123.092	58.683	32.987374	29.69442	5.856687	61.39	16.12	50.627
123	M3	122.566	136.015	57.027	25.895767	30.655983	5.562347	62.216	-14.548	53.463
124	M4	142.672	174.353	54.395	35.045409	46.02215	5.108586	73.56	-29.212	75.297
125	M5	47.099	36.08	24.639	4.256174	3.47991	1.227283	21.872	13.465	16.113
126	M6	20.925	20.979	21.699	1.071524	1.11179	0.976331	9.89	-0.018	-0.934
127	M7	239.637	240.593	236.588	86.239261	89.872719	72.108529	95.944	-0.78	1.804
128	M8	99.805	100.13	100.19	17.824922	18.543925	15.3458	50.149	-0.297	-0.105
129	M9	21.206	21.215	21.806	1.096372	1.135683	0.984994	10.074	0.045	-0.751
130	M10	240.046	240.946	236.91	86.497939	90.121794	72.285047	96.047	-0.744	1.826
131	N1	99.654	99.989	100.076	17.777284	18.49604	15.314339	50.092	-0.306	-0.125
132	N2	21.306	21.287	22.147	1.106111	1.143416	1.012862	10.133	0.122	-1.076
133	N3	240.582	241.496	237.502	86.84808	90.489858	72.610824	96.2	-0.751	1.802
134	N4	99.814	100.133	100.215	17.827523	18.54549	15.352663	50.151	-0.291	-0.118
135	N5	20.944	20.961	21.506	1.072161	1.111117	0.96072	9.885	0.027	-0.699
136	N6	240.534	241.452	237.561	86.819372	90.459279	72.643457	96.187	-0.75	1.751
137	N7	99.819	100.15	100.178	17.829263	18.550036	15.34252	50.157	-0.305	-0.084
138	N8	21.034	21.047	21.986	1.081587	1.119415	0.99966	9.949	0.076	-1.192
139	N9	99.816	100.118	100.155	17.826804	18.542051	15.336323	50.147	-0.278	-0.085
140	N10	240.534	241.452	237.561	86.819372	90.459279	72.643457	96.187	-0.75	1.751
END_DATA
