CGATS.17
ORIGINATOR	"BabelColor PatchTool, version 5.0.1 b398"
LGOROWLENGTH	14
CREATED	"2019-05-31"  # Time: 0:03:14
INSTRUMENTATION	"i1Pro 2"
INSTRUMENT_SN	"1026221"
MEASUREMENT_SOURCE	"Illumination=D50 ObserverAngle=2 WhiteBase=Abs Filter=no"
ILLUMINATION_NAME	"D50"
OBSERVER_ANGLE	"2"
FILTER	"no"
MEASUREMENT_CONDITION	"M0"
WEIGHTING_FUNCTION	"ILLUMINANT, D50"
WEIGHTING_FUNCTION	"OBSERVER, 2 degree"
KEYWORD	"DEVCALSTD"
DEVCALSTD	"XRGA"
# 
# RGB space for the RGB data in this file: 
# Profile name: 
RGB_PROFILE_NAME	"ProPhoto RGB"
# Profile path: 
RGB_PROFILE_PATH	"/Users/jpereira/Documents/BabelColor/Image profiles/ProPhoto RGB.icc"
# Rendering intent: 
RGB_PROFILE_INTENT	"Relative Colorimetric"
# Black Point Compensation (BPC) setting: 
RGB_PROFILE_BPC	"NO"
# Encoding format: 
RGB_ENCODING	"8 bit"
# 
KEYWORD	"SAMPLE_ID"
NUMBER_OF_FIELDS	10
BEGIN_DATA_FORMAT
SAMPLE_ID	RGB_R	RGB_G	RGB_B	XYZ_X	XYZ_Y	XYZ_Z	LAB_L	LAB_A	LAB_B
END_DATA_FORMAT
NUMBER_OF_SETS	140
BEGIN_DATA
1	239.719	240.704	236.923	86.300551	89.941931	72.292519	95.973	-0.790	1.691
2	99.728	100.098	100.299	17.804160	18.528906	15.376038	50.131	-0.331	-0.210
3	20.601	20.637	21.498	1.042002	1.079839	0.960035	9.640	0.028	-1.111
4	240.784	241.758	237.852	86.987973	90.655189	72.803780	96.268	-0.786	1.750
5	100.066	100.371	100.478	17.908202	18.626442	15.425438	50.247	-0.277	-0.133
6	20.591	20.603	21.530	1.040955	1.077289	0.962611	9.619	0.078	-1.186
7	240.643	241.623	237.888	86.900503	90.562841	72.823164	96.230	-0.784	1.667
8	100.385	100.662	100.730	18.009099	18.726503	15.495171	50.366	-0.252	-0.101
9	20.893	20.955	21.788	1.069018	1.109240	0.983489	9.870	-0.019	-1.079
10	241.082	242.096	237.978	87.182265	90.876281	72.873179	96.359	-0.820	1.846
11	100.028	100.365	100.515	17.898144	18.621320	15.435624	50.241	-0.304	-0.168
12	20.748	20.806	21.614	1.055576	1.095197	0.969407	9.761	-0.016	-1.049
13	99.865	100.207	100.378	17.846156	18.568081	15.397872	50.178	-0.308	-0.184
14	240.507	241.482	237.605	86.808858	90.468920	72.667711	96.191	-0.786	1.737
15	21.423	21.511	22.488	1.119184	1.162199	1.041157	10.276	-0.049	-1.256
16	92.159	41.230	71.670	13.587984	7.284288	8.394524	32.446	51.375	-9.834
17	47.875	34.263	58.110	4.506257	3.334489	5.754002	21.337	19.167	-17.943
18	196.668	200.146	215.960	61.033168	64.073330	61.184190	84.004	-1.749	-8.593
19	73.023	53.715	35.415	9.299868	7.338552	2.358829	32.566	19.964	22.583
20	156.047	128.850	105.618	37.538540	32.720851	16.875483	63.934	20.547	19.989
21	85.043	91.698	127.793	14.088715	15.275634	23.785079	46.009	-3.933	-25.197
22	61.431	75.155	36.497	7.739868	10.107705	2.490201	38.035	-17.225	30.899
23	109.864	102.352	147.071	21.287239	20.082692	30.632580	51.931	9.387	-26.613
24	120.543	161.649	152.377	27.884761	38.802921	32.651651	68.608	-34.044	-0.949
25	214.786	197.994	168.946	68.627890	66.286693	39.321571	85.142	10.460	18.173
26	58.036	28.098	27.791	5.861628	3.345055	1.524365	21.376	35.496	11.573
27	129.006	54.900	67.026	24.518451	12.925571	7.440573	42.651	63.961	11.441
28	100.152	100.457	100.546	17.935695	18.655102	15.444046	50.281	-0.277	-0.120
29	99.672	100.039	100.132	17.784677	18.509539	15.329729	50.108	-0.335	-0.135
30	150.159	118.925	158.787	35.497109	29.128027	35.166443	60.894	26.907	-17.925
31	90.077	75.099	135.343	14.744469	12.302077	26.375203	41.692	18.700	-37.271
32	218.036	197.154	201.358	70.723004	66.523727	53.937077	85.263	14.438	1.026
33	165.089	114.326	37.350	39.746714	29.954541	2.595924	61.615	37.566	70.685
34	69.927	63.485	139.646	9.927410	8.626661	27.904230	35.255	13.416	-50.962
35	136.263	72.651	64.787	27.482121	16.740119	6.998952	47.931	53.483	22.355
36	54.257	29.843	71.017	5.512901	3.270788	8.257351	21.097	32.718	-28.889
37	137.902	164.046	62.755	32.728706	41.690228	6.608603	70.657	-24.741	63.203
38	176.465	147.512	45.709	46.295301	41.410884	3.734527	70.463	18.835	77.803
39	200.991	223.748	204.885	64.761493	75.024582	55.650481	89.405	-16.458	6.348
40	136.646	55.751	27.801	26.870487	13.972445	1.525379	44.193	67.134	50.902
41	51.003	27.442	42.470	4.765762	2.873572	3.271580	19.530	30.345	-6.936
42	20.701	20.738	21.491	1.050801	1.089332	0.959494	9.714	0.015	-0.973
43	240.595	241.513	237.626	86.859454	90.500690	72.678958	96.204	-0.749	1.750
44	83.220	39.685	98.556	11.659593	6.333887	14.898209	30.240	47.941	-33.311
45	34.124	37.713	79.101	2.946081	3.049725	10.026609	20.242	0.096	-36.571
46	182.237	208.675	202.530	55.053983	65.350916	54.503631	84.664	-19.098	-0.611
47	42.068	31.080	106.166	4.060946	2.732745	17.033489	18.940	23.357	-57.954
48	74.825	117.257	54.509	12.300810	20.739063	5.127926	52.663	-44.258	39.168
49	116.486	41.561	26.497	20.026358	9.740348	1.399004	37.372	66.050	40.644
50	196.138	186.304	53.157	57.595028	58.407181	4.901135	80.965	3.134	89.150
51	138.414	74.036	117.723	28.782515	17.264817	20.516845	48.592	55.744	-14.393
52	67.458	101.930	142.860	10.973006	16.284725	29.071595	47.346	-30.744	-32.033
53	205.767	199.774	212.863	65.184226	65.450156	59.613418	84.715	4.706	-5.805
54	159.877	113.942	121.905	38.412131	29.116078	21.848073	60.884	36.505	4.137
55	125.188	49.083	39.618	22.958622	11.661991	2.886678	40.674	65.618	32.305
56	240.748	241.680	237.752	86.959608	90.610683	72.748684	96.250	-0.759	1.767
57	21.098	21.113	21.949	1.087187	1.125651	0.996634	9.997	0.062	-1.063
58	84.492	106.242	180.200	15.384701	18.657612	44.163462	50.284	-14.519	-48.092
59	108.773	132.232	180.871	23.031596	28.033670	44.460039	59.919	-17.008	-31.843
60	217.684	196.815	187.362	70.272548	66.321361	47.374428	85.160	13.922	8.195
61	240.560	241.470	237.574	86.835519	90.473019	72.650495	96.193	-0.744	1.755
62	184.652	184.719	183.499	53.904309	55.945284	45.630228	79.583	-0.103	0.644
63	140.640	140.931	140.605	33.039196	34.338482	28.250335	65.230	-0.252	0.145
64	100.350	100.661	100.655	17.998993	18.722927	15.474311	50.361	-0.288	-0.057
65	65.633	65.391	64.894	8.357670	8.640557	7.019810	35.283	0.231	0.461
66	30.992	31.127	31.446	2.171705	2.260441	1.904264	16.799	-0.171	-0.389
67	185.452	204.214	215.425	56.331372	63.960879	60.911500	83.945	-12.816	-8.425
68	166.156	117.384	104.901	40.862123	30.926996	16.669758	62.446	37.433	17.904
69	168.480	81.716	46.428	39.706990	22.827325	3.841102	54.894	66.412	50.289
70	99.965	100.272	100.426	17.876130	18.593064	15.410962	50.208	-0.276	-0.165
71	99.366	99.741	99.856	17.687266	18.409497	15.253925	49.989	-0.342	-0.153
72	101.484	137.357	173.753	21.188041	28.850375	41.358991	60.649	-28.664	-26.709
73	28.333	42.826	63.441	2.325671	3.416481	6.739296	21.640	-17.778	-21.873
74	189.452	204.020	150.947	56.982684	64.512273	32.101830	84.232	-12.446	26.817
75	20.888	20.926	21.667	1.067945	1.107177	0.973674	9.854	0.013	-0.954
76	54.733	54.961	55.081	6.044561	6.293320	5.225254	30.141	-0.259	-0.161
77	74.659	74.992	74.996	10.571799	11.011573	9.109083	39.600	-0.347	-0.076
78	125.047	125.447	125.125	26.746628	27.829296	22.898305	59.734	-0.355	0.129
79	171.766	171.266	170.936	47.285031	48.906175	40.159376	75.393	0.356	0.262
80	215.419	215.963	214.047	71.184240	74.044732	60.211912	88.944	-0.449	0.887
81	156.408	156.690	156.350	40.003806	41.565776	34.200785	70.571	-0.235	0.148
82	184.751	112.945	33.590	47.850201	32.548180	2.144435	63.793	51.918	78.336
83	218.545	181.355	58.448	67.960979	60.354891	5.814526	82.031	22.421	86.414
84	21.061	21.129	22.013	1.084812	1.125759	1.001917	9.998	-0.024	-1.143
85	240.520	241.396	237.261	86.800969	90.430072	72.478248	96.175	-0.732	1.876
86	24.082	41.657	44.098	1.789037	3.137096	3.500974	20.585	-25.326	-6.676
87	119.919	129.786	184.046	26.251568	28.505095	45.875376	60.342	-5.001	-32.822
88	160.456	120.260	77.956	38.501581	30.899315	9.766798	62.423	30.158	37.018
89	197.680	167.482	135.298	57.775819	51.605295	26.359436	77.044	20.473	23.708
90	149.576	130.601	95.003	35.105454	32.359472	13.944855	63.639	13.755	26.739
91	100.555	81.322	52.517	16.839234	14.482972	4.795449	44.918	16.903	27.565
92	161.774	141.802	119.666	40.653841	37.439123	21.130741	67.605	14.556	17.147
93	109.066	78.382	38.422	19.002630	14.749008	2.731630	45.288	26.794	41.454
94	160.691	127.009	95.559	39.117940	32.832874	14.092201	64.025	25.204	27.017
95	89.630	89.593	88.382	14.658037	15.207812	12.243927	45.918	-0.036	0.876
96	162.066	170.747	39.628	41.942049	47.307459	2.887958	74.386	-10.753	90.420
97	204.606	191.708	49.236	61.909713	61.964602	4.269545	82.895	5.078	95.985
98	240.685	241.597	237.549	86.913971	90.558425	72.636867	96.228	-0.751	1.828
99	21.090	21.105	21.908	1.086359	1.124944	0.993279	9.992	0.057	-1.021
100	92.256	138.916	148.876	18.503032	28.464534	31.313051	60.306	-40.510	-13.228
101	63.957	113.376	117.203	10.523807	18.927501	20.354135	50.602	-48.133	-10.593
102	158.103	130.064	108.561	38.424097	33.359177	17.731649	64.451	21.169	18.920
103	195.038	153.609	123.731	55.505110	46.354264	22.440922	73.775	28.969	25.212
104	153.179	133.685	111.666	36.794883	33.758195	18.655217	64.770	14.517	17.426
105	153.106	134.160	111.247	36.790101	33.891217	18.529481	64.876	14.044	17.883
106	156.237	133.107	110.411	37.902466	34.002261	18.279358	64.964	17.283	18.584
107	79.060	62.058	36.925	10.840288	9.083782	2.543011	36.145	16.554	27.203
108	166.072	135.498	99.643	41.758240	36.106549	15.195163	66.601	22.248	28.636
109	37.006	36.787	37.044	2.978664	3.070227	2.557709	20.323	0.321	-0.197
110	136.506	130.571	52.123	30.119831	30.676283	4.730823	62.233	2.042	57.769
111	150.292	166.727	48.529	37.235739	44.238337	4.159702	72.388	-16.874	78.513
112	99.809	100.108	100.106	17.823924	18.539070	15.322746	50.144	-0.278	-0.057
113	99.705	100.034	100.051	17.792458	18.511423	15.307496	50.111	-0.304	-0.076
114	37.550	35.653	25.621	2.974565	2.974314	1.316835	19.941	1.896	11.616
115	96.397	138.368	97.285	18.886294	28.673139	14.553877	60.492	-39.333	19.726
116	62.520	114.312	82.403	9.942582	19.077568	10.792947	50.778	-53.372	13.616
117	27.138	42.447	32.302	2.023095	3.329361	1.998679	21.317	-22.946	6.476
118	89.159	137.448	113.034	17.189680	27.735963	19.068866	59.649	-44.671	7.703
119	105.480	136.228	69.422	20.946072	28.896853	7.926389	60.690	-29.995	40.633
120	68.249	116.812	46.062	10.888342	20.135491	3.786665	51.990	-51.387	45.623
121	89.979	144.437	65.480	17.351472	29.992224	7.134448	61.648	-52.403	45.441
122	145.724	123.092	58.683	32.987374	29.694420	5.856687	61.390	16.120	50.627
123	122.566	136.015	57.027	25.895767	30.655983	5.562347	62.216	-14.548	53.463
124	142.672	174.353	54.395	35.045409	46.022150	5.108586	73.560	-29.212	75.297
125	47.099	36.080	24.639	4.256174	3.479910	1.227283	21.872	13.465	16.113
126	20.925	20.979	21.699	1.071524	1.111790	0.976331	9.890	-0.018	-0.934
127	239.637	240.593	236.588	86.239261	89.872719	72.108529	95.944	-0.780	1.804
128	99.805	100.130	100.190	17.824922	18.543925	15.345800	50.149	-0.297	-0.105
129	21.206	21.215	21.806	1.096372	1.135683	0.984994	10.074	0.045	-0.751
130	240.046	240.946	236.910	86.497939	90.121794	72.285047	96.047	-0.744	1.826
131	99.654	99.989	100.076	17.777284	18.496040	15.314339	50.092	-0.306	-0.125
132	21.306	21.287	22.147	1.106111	1.143416	1.012862	10.133	0.122	-1.076
133	240.582	241.496	237.502	86.848080	90.489858	72.610824	96.200	-0.751	1.802
134	99.814	100.133	100.215	17.827523	18.545490	15.352663	50.151	-0.291	-0.118
135	20.944	20.961	21.506	1.072161	1.111117	0.960720	9.885	0.027	-0.699
136	240.534	241.452	237.561	86.819372	90.459279	72.643457	96.187	-0.750	1.751
137	99.819	100.150	100.178	17.829263	18.550036	15.342520	50.157	-0.305	-0.084
138	21.034	21.047	21.986	1.081587	1.119415	0.999660	9.949	0.076	-1.192
139	99.816	100.118	100.155	17.826804	18.542051	15.336323	50.147	-0.278	-0.085
140	240.534	241.452	237.561	86.819372	90.459279	72.643457	96.187	-0.750	1.751
END_DATA
